161928311369396630430090710266621465869359495010078457017103707768225030874266688065357700254226314582458544615539837458642253907413339429711700286659188409468242332247647892899752504683661580658004368634500209862598250714151693040906552587917402103987214814936520679077852461908707477961874161765708428987516
55017793602143864168413837421939242843995602063804629003972835499071867921797708010526624033601661645321206507694741438895003610389545985284957985364550400684332731586200871031267398183161637736204217757008527042977585521648176113804741650358947273024666550343192879290335424996814822237503223012371198917788
105684240789738717183605174106647037412058366878511145925482274481443039966294621488329060342315733368127323286234818905440437998783604216122912945651109980587474517116942090681067313527355633150294072707003637033586113856357646725240194530340859149995453958580811341907794744006020820552325747714711804705305
27124319531576406219596118802158442580305775954829338373145183814831059764376071773818398987834402667722152860218379603711502214498204208622513306441929846436878647818705257027378717173088138119948362029272031947060767676483212581270960459687866084819644887931437164525041449868194043521377219698135374639947
33437812872371740989443928406883958476527323953873976945149507369815550524209841110391910741920833293696045802101867004034717849783446743092479960789845084659854750676187457058491783576707088493511201792173536467871623106728462847609108235253723785951563473639945350016752362119093698801872936786799017953281
44875616519338502153239781252339078891782754761820424297680592502165712600387535351857322065209949376885229253874013513707931912404985712873314507472136778361396368849084123117249161217856549439081178916373393951711904036987628046335799610050014782395917442002168947878024494750240667743960978783030912730314
33024718564024069093777657268076662368448164786582364415308715267486675496595904759644746029060214827288189418611434928196183007853271429992415023683126302489112951534511952416261912561528422978580950092612941047356581628101353933407970214855471823623885760911351007320262830559220240235092295765806066623768
75671148904348065612456535985625776578905899362040380267428376665671854233111252471848643281260404153937107780973759550072303962217163654591853300767168420912327877023711847484586830607582704595076543646347198485948329721609934861032533067254263876397109492869754327281103049065922118904826768315794517861211
166932063387273311609229061273366882980879595321719269409479076413925397291602296411547770326877043530745825145922587793573897866687512841526735541225742717351558101834300486045943201725064085663762922017020337390666731435198532434846086025428081954102319984147663598454780488848177357282658685835462237470291
9126923421310216009939592210368441044526446563450874981367763009075468121613105193630576601499833104859553705248953436932667024969693526608925814747982978909929967086329608970100700640747531753892948328100776539757533638725686047098638120075668302681757367127537753092153805635347143347102372887197235918064
179077013831168988892995318399774002334801224028014713950083658562194743368297048198147901749365963198933188955940063808289529065392626379430021208192079242265153861361933656499703674525585382521498334108449939746373354360570757609210607993948940761982724550560754952946230689141259718245097885488722665759931
81876477274989123480033942557997583837074871741940909036052652336633025686143583598934299351037170311233236929195083372069766753678054940014078044376165599295955042766148255821326053508102373120999071661295033616533327387412093251584396857202688033532916911883759000374188856190521995165173468063896846771981
78279172304520934536900688430462638405626771755901207003188986120266987671645550667783655495502282791621500390701045911080380319021346423812340928792503729440182534403641190005772653097705770959032702541060042270073545201275362614246566601935477010688943632910549150274105065568217239039860640517008704580903
112730004089612605922104915069653435733373322851362154124011467387254259662074883111531741680230832635779229508019061698420154071993445147790241836808130215248402499040709799419326525897592188838079729852467856664204199360474613268974683508098055882568229673921367031987311279230730770167802318273637677655539
158615676616847880673821092886222865167056561828823276839213924099843010037393243593265839075432043082173166836641352966927533324298859385353587885807013584486490464825384115601201395399388691326309251075087787736548933386866210537422995921706677748668683646740118630969135293507110383597285243726198454564107
84041488119060874390382207912302997302730196759693633268049090986857537055181716810580272993044495270148376438344489336258506234535475087947988651845721834163891867003821254572113169351655186050983628112849821572946271577547949405489305946373795459985427410489606295682107786744736711079419497584890692346194
134884461438712196479185990075510090503311545048159265586196140161264775501634267385369095584565277713639201867642227959313936947462157198809947622174481233963489390667693708517331724004932466712962655483192493064012751533147856132611801787868913743236147757532587946430860007353392923687568743765747523381319
134475348174823498290367296674715610940574470971554420712193562200291149710393199323357071558285979363189462622718365966780595049253009316185070781921839997215641718731554293414327286046071823687649429855658626186357336067216204850234347793672796207164545174423773143249705013524525235408440907748355046985647
113618311627406292561887860945620673717046341445649967198639773079512218610327919018668301657505640495206153762069971202703788477601051597285897210014476723878951257779606115218045747240912788335278667055401832489034293235499721437854066008661846351109260445383556674386990106983187846218793737824390601715555
174580093890441225946570099231784361863032627376282616821857321023762484045363565169508405992734333099422994666450211200666185398605289148392925772269941897171726755916537983935896404233031372748761903810108484408493991331107245206922259254564919280509024469732273525677014189954988802714344501616506226253737
41227074878401699634287286961241097725808896321679277555967228753660173702470120296802645645137098359139882194427836509096913967442723926319137492056918466639172309443610950648758815960151307539805157786575026846693677541034609744921596940314355947065325904241134163470404946796112215374105913573820799036529
147494936965149161717048036531693391178077836915701124864101149531170048520676332820961955138627503761040795574449226077132087758198365391440178334124621982936106305836328313839037037525872119538897654345332662028597263839279039013308707988605257651327930894326721988064027067084091248958644895062295183345288
164370761763216294485928431970225869488998601322764844515364404455251113465598346495829337324138705892742799562217148342354542568275392348410729675084093989163583499263637106298999375620390007634301003156389599492799853919261581965868548084883188324197397527418516815546485576443500978887895009222975477386108
172991724356908450539826714189307023606690024545082599049503887703269557769938033686567403934227097234075303230279381728087271529522024703507205220067431328447615940270530351420634937003851351296234542810253757196396931958118991145610179182847278965613514939922750894520009264579303794001485687862085961988653
105289745924177063081556692095093379574869790749207031250371733946336181684322591284682018423283022270292257187051678947569550091819338292432057140313534856894213987345904162887767163953966008440199188829192049985521648229777891103780265562741613988083467839197698105069246091492614941790989029078828895583758
172820956037774103611408534553743731137202611892636356409089488086003395290966519765874024208807686021727162279924730109442981232648649380137772563840761117551524308923384825867478563757587827887299105510774622101117660871294653291121836557871926247071709417403562938425877498239172963042661946036346086383778
130949235007513899366316650871635525060233092719611428698145317403501181702519843610647146708979354672988133594267514228338551272694270378413757225099814216362695713022138772393644547473055578423392263365868748965180495898646607689237388219046698036138345105954595967048120202789600360740830780457434254896089
175322487466170300859104273191635999253623905204028948763068823303400305969063541406807103509607589131781625025768145833006040912288798419626402859925024853667372000428461694478733662141228579752656581953785009564591408799753751435310798533514073780929503098538310453914230573659663213618381533329569157495943
67282669512477816069806841417729084602139602082340644400701769226301575253400682290509376627837594856760687825415495210770991514647140459847520297638226715186460588703990065983530790252342268624908632042494939267724801205898909633929049940498898539804202686886590036629190200408035058811020920455727616775468
76321292280138633446903445983676592238048011927005358504735330272683242074655194992469751952391821092108579941318429826720229354944321951606916766754646237748288131281687938644937800392454059936003949017899501270429203349439613841664272498383265596309934609605737178933386191372078153966628856345274897557300
10538117535523776233813107695419027979133135872137520444377347083248987665814182290753177982074324996674856423204722902185475858644354219657680577641476619689930599585627455990448525091215622898023055288032938378135864295783701102054246697718267336213826493486673703065175871182395204869494524247396924839461
63939590388762439442135477501242253695719864182495681852967735185270063160002413132551276435180740841269825693676591961368492767558405719379141131215556925420290667046051897788929289614594973038594162586944594120419376834908212844956934240138216663590733550501421087170022961045651666636462376944754215735452
122420228864260965676129984080583878654605625391718975210543028700851269590311747103170258363679032675400654261238232798401619671539956763860690903380874726091677350252914193887625918310327945043060967487227684388618602621885904908435687547279711316841354805973244060339992123226465314950056801730647718755534
41638592939838714883166358801170638663900240049785012943743886814379627272461274126729294583865694662092435069237969927469067493206899093816105337628517656527406387374280906685310866445549694218677571385564278687079431198456151457013637132406251553502771113832773423598662374438353601197404141016080358141670
101658524064445824456755961232372463323705491956826251205498306453587413596409111948620399590235093612009653409713306879831739325780273902557275858644165811536328051052148493268029136626817130012013582041380028518635601977564079850455528858620314603646374786183110282414976877975080931545693604011288301585351
107295424392799654058947729525171033669100332777507562265320325827934033617944442620636936856217922581974757169541064034162689352002153567072916354560666013747380974285081821510260777159559689545916450318606079311209431065008047730292878756897537733044422094878193121197197775311966070672337645466055767815267
63521685865481513756201415637490180752705577903747672641677770911279796031791625667571782026642037183406306061217542751146724525300855759868384438530335063263895348965230975130428726762749477349411798015699427148863646797023741921603763410576540868836240939951379374558580502785658885465294680757022916030756
142336042651721276914654342218711363344587531633308202354902419249340165596744689541274573974106644020656688407697004336515120087134785812369834279243410854012653620409152467028391665920185336744848630374313398544462044751579055117849329581647292840888821706482736935173556855980829697964042196859891928751711
136397562674014267045270959736351535590758594858184736816037183707108815739470650690450599375354421861897435932275936293942202468492103831111764131815146108952566287097931942859114867894841418533574028275635523957604560397075291808890475121510596093110765451611581681846971976517660433288410637626219879320588
12122232019652464458612591209404826273136569955289100351546023722084479314350012727217793959248762064009870315548150532289237464672099807784087242590456485627639480490029270110270427203386638569013149668887624509942118075000136997722388281516901292710106842882165352493038653146955747932871908549415872186180
164008915743337139826014501096270664063875701736459525506197376018162402899055686563635464544401341848142758404471577014511191363670510660458911257997143009447798668378057649965642607549252502819315707076209684449195451180859145372507745401116068431594486469965579525457663347467062386630872872749417976357705
63322888888805032489727950954278562730951680965334534707333593277529909235942957702949699813115818342543474108884749818405838821744060206026462716841349787663572613572358829520862965911259614624151848097776066135161104914216069291687141849604396703723432354899956447506287398210629132205559037936836509598483
6881239907345429099319849804230395285399172174612529596857496243375790507192635564532661757882825888545748735706142737852800284030358670199353505171843614981151781395907663048466448067733821899802208402850605692813137537512281416408253085562263753459238310606308346062986333679946997486431783302066045231913
76247781979204468113022651706683689216936761967892288299601621918097701965116303794796565085635852905119104787569208247882606410885242777579921442952824449484951550236506954828413315637009173123918582249933308710644646285359163784341084750067105369429462516747543207520846666356249175687903694679348833746558
59525045880779606923613082302976137277460855799138357191729787226378580471239117406074665680161431815066453808883160565223153671926280190850253536682143986952036304312012091273414285656757894753827198739242486458684490251355981727303086837563310898224605477030315809479580006556773197012787149199640137646741
137513304110906371137251918844986410532716351597110095930367296455202054106966330379542819571148204188652277151776510755139779383464296965778622043285951685614439957344911706750251360358071008845456603494390784148354109500704868945772236051854361181394445872598311105361580419946162264643531501085943981872993
25024170510781137242490253167806780241909089025007624437540809540754982662649812649968279106862487627152995346898243019579805983892875854535611898698434882602045503611266709974681356693790063921747493341894491355722749855702849260165142020670384417409888245740366840854462697977664074949191282262582030100106
56382944559412910290517321653807324383796164076787877293161133623813902504305562115074001976024525354183155437587019092241772295979887777702161791998101720234579497604536140129288167587605853639532979286638503353457077215706259357065217229288582429002851099435444628180751063834685663905178642188697583600183
84049427314097409705033943151303502002824957096100211492440418551670968574539109870902757204315735063241614640088169200301071491127411565848701982929925653796753262327228278321767735271773088054631376445858134622127062717031650260313925311312199231270824487948873510214766872842415412259597228496175171472990
2688442054245445831888936444213496833509704088309552910505479964288041124267688878509535392211136211817502548415035529233450848003456670120648848108067940250684438128821306626415864296723226866736457291214669879846753942398617341525870801695536884127370331432209825916820371874679363875984996433571943461622
