9628033244208696538173211947380791183
305335428962705703293324139879645075364
59596498339435583144813512054186517010
185197473274212362848852903573800087037
51851208262847002608272597077929866953
267296378462832077003370752249659830535
63629342359655462277002738828950864815
138204203373620682487766969660817248414
190485410198924200882903983868782810900
329257580404656234138317519877644145461
216962152915785531216993517076083177029
104042191736169699659769973796025397554
147301659583378399134989783824776999688
149284656630805092637100299304835278114
234129556985521986950259716701996084135
148274497540652057919128655253559798284
84614673464460687549781043616161244611
238791941932502446463142429097471610277
163931038487489209333160242686860017012
232242805471853336330065709654900794052
46099543604491307217698473361367087397
50880185017913353076361593765119325582
202670458827279669895837869778282031617
155343697379681372195994685054859494345
44643129349093394364860407328044622534
188970570699922612810628781055440375768
23954397302205139861838639223379732306
5130136455857915211282510344844706692
253542516487994725112490626408954051487
323359670589310585385265914283723435845
114728779637584270540520222298435922994
268867604530179546490346764170287338372
210738799023192660033230156621829836766
332643510683713997801008945693485828296
82478166805982027523148448741995051294
137170129892686173266728583665005269878
288190238650222628450148663203481947349
90828727139944433202028615093799482174
303010628059760161780583781660879093745
269159364301250529243794217194974374344
125947344897216542363660461173075090161
34152426077371874157381053943450885161
200802560591294156686536110158678354058
135741292060652228187415071743131237031
244864531682769554443773564975963963484
188632599074973635022982338117032030028
121562315146873953731940857973770443193
39150749967688393981667650540444808527
280045069925624819645560966173696007382
206100778824685913678726373042702151760
