50890943304482758115700104170193782380081873496260
102052506923721024895846856515464874127803927093194
10561416001255581152810160993603349866622871927666
234327349292491483984301193174590762801689601425051
89697339198071890135638938700059678222962514504572
242830507986700736152650559059338783374993754824337
364762632421249879270308805611646538903520831326834
69601297103290592366675279730791491805015412581327
242089351748761133159512289951674502348327209155414
181946603926972511014512649294839306295639688485690
291978055374200718154362781039907623231439266657818
317845822599142319141662570481461766866505160087117
167705360458880175040541415173983096363237568127753
65791047958713804362510031466504634109094608786078
313561292749040121341077077298395883966888065633337
307347832773340815925264469111256994593080441925952
60767316110810343183978615313770118568414575464722
101795648890872062937967876735374558014237887316808
37423295416561251259655973092651889712976225652266
195951089541509689661195660919307225021430293040151
75513315592301092869561221094862109700527476598456
52480305537301885953003431330094025670222704063190
203779035117002874507930177781181240129712814719810
320152777222575404829723187954239768422036102499307
225242942439438533469796047877046570250087095705459
272093693634315136268972196543138462284436466063142
28607531491786154780479053273669568655148558609388
54448403042342690996803945668774070023671130464650
269699128133549833080074379080435801420892559000935
70856918180214542335179115896336165491474777988525
173465669313926895089087104053024159823595059039481
119579005855925176176117699620866524121591244585983
144753200217295260443308872668922358989817802978167
61727376500464886898203054184911273786195837168543
27736288747201608548479084351915553036480819004280
294547326274676779565249175868088435963788554246899
373345970668817170721287615696145962861440658507086
119178933770195811689830374732033707862619480635928
68670698923434745551643369364710082534621203864211
259622127567401766495200409271692649717830719223529
85964420176016471074469925218798450281092457640650
30160751134700606193769698435799919335464553590098
271722808635419314586276325025959938406947461883783
9459120542665467699344952501696343945942371685515
59853920106938840467640842670216868551830995183839
112471739480413700197448562595127053453320895919712
372091311918145659075411125281928623101384921406382
134297440692974207037515911499053121776632081644162
151506024772651581147161111574532852864090549316203
326373828066949248422052885040496362247720371376359
