8646706820027227804812249411898524492959528247882099304039434656620
22665587464437959118679041168174594605006490403046430762803358001989
20819283809307635303729055912364984417463093800637522940731632472460
24433731195895186651182705303271578056995317109447259129469279112992
17885447771244348127171478266747137550766795380670244289245154008674
23857606401953117681559631660823308685888641520200666699378268780272
16917313031198314315683535189319428888792990252806077266583320175602
15054733080664329866812986040563196380388478383204995633122972649791
608517975800874342431818258378167497613490451005091753073248093198
11729400198183573644085039472898075462458154832166821744008000766251
22373792232486861453928782050451557625821518289705092648389270839220
14785984824489756710414362642913653356781626398573227607274790142528
2471065210143750011534820851329529771916671273762642923630911317984
292282512355395868711240174298541239858035299027311316515968844303
17965453421553411263943248584429783076528156461401108652646457620714
10707284984447017549362681436516557295079042750034129503345807438418
21409288558767994064042850478784869018985059959974196149056949956287
11671284359494560904549934341779603083677646215639511669394493885015
12490959813023108404462163786809241272979024956577925043041835588279
20381203640254299506717772328518210752156022373389809924634736967489
5300986809609807216998181963208303086373406676908012692417095091519
15195042325735090389671749450453846809563710576415143005135089535729
18698613875009698618849523605142214736580845225992852142175780333239
14339708430005275524989521137598410846643646092093763209727064222588
3065705371225800846649439931019755809608723119672630739839561660299
9140669712320060595913647705487354551814021397398550511978024287710
1173496117944147693763093166718087764682499776217486658196786828482
2466658080358506118225531221995133774885116066669229272167107290669
23264515042609400256152523299887238371685423038195630020027612433327
15720908476684964357672716118970443716886475442392881746418687854703
10384954310235656520834903947975447528729372229825059854241199918504
1890756586220520801692041223905088603674442589240300808242747446210
18658011890535579858753052964928111112568602430134302437200187638686
17421097881533606168483013013401720865633229750303368662970262428347
18984633360357490448245627371788056123593452108391233785831564460217
18836906152227430797207935368914662368673602833872672568416425998552
1481167550067877119215524255813457347951916096450810087674609776472
23212821929526733093393872804347970648186973907235570418095090297829
5607093678894350778011066956296190101955803787400248873289666263610
424751072956190380344466102497653530679784597526614184612987593300
1931988660969459791734888960354254404645544160296624099531518275395
3262386117616365598604232748695724404260925829841744069697131826419
13258985354441178202720557424120465616255821696905547933897236567113
18615603749800944064965573076812435230840471162971155009059129039659
7522906431679760490124637157444950783538853157031581772835338536136
7130056504226059597415924005938383614714856825917948975141865557666
21806460806825309863420681563375452298931302971123269577349800984307
24371571868419598197912413213658180589394638400349460358104926335362
17559189676872832072184807214591614615222261142368802515667654652847
4537108458741532328278434107672234377680478444791337178221391617427
