33438021126607708868058607528248049697169404975591389982984859856103521540301
43770473005243747847920184042927945919072932868495151051121369182597020977836
106667303691566819186522361488682152153998908760030523535106814034485520881174
43017517920552962020814668597011282856620606959831471430486167813321752998791
86991068300326131453074656972594316862664867417953635123359133589410821014
36329678375485615490224736304247013878267454122869583846337523688994145233463
38049088205110031240685371952762055618879430183243709147414744745474749648580
33050144393640836823927146638647401096049599916765764904140321704154766012488
42996169207760173729341583290571082445416708201310800401140826316461618494431
80637224977329188973328018406349249188143823408390528844220741956053857606975
49260039146428943052801898483866367149409103091537628716105358509604395225850
22771629025246264176392042531918036297245257090678141859293673904921555222431
68371562808319948991217895447887074238913733949421325868457007691880581652651
77790875001595419671895306154766577845510354254401236626725511759336605309257
92881597199522374459879591712355774869814339465317330967316916537966111075518
79952062312627523918363394088087865428528575631382828556721433276351702385736
55611169721261264853170274233401379744563207712023122997426659341323390823566
60013030931376489954660744925637164991695394270335253926541227062404134075996
9138135399813712112648839244133773484717366880836170432861685059628400815098
96586867115208802057888690103928939691798217190595605904611618741724941468103
50594997813539768631463902949685170472263499389534640415255040467363012165400
50986817767987726439095476709100960665305152231563276856112642907476526769805
74106535785814255941863375360521312168784350847537008003619424680942479858290
57829366925128824692211475871251719181431788157438597183056401701935031791628
83948318719237261101497383215292010892559894140457675185853868211849736308465
114863786963958581063825524542832426333067596616981260235847803345568443867946
99054485965516895639751383157824488101633349876135063158412942645657148834951
85402021662519164977551917579336318473945123208293034123854946099175578114282
70288280047718526324277478771513367611683908803618143203417075378990583125037
94810138368017137208013012205467613292208035523244574870588514186227746541559
96321250788881044819749054922461435884860128459923714051907375634548343543138
49902528108053290079100836807616996113807774174500537061482329003666861257600
115370625521608047887325644705921810626800286042069948163597399679869689186700
46545391540596345380739060708558921286990693376455129155595576578019830573280
94693404077243849171155438434925693706093107088375425865900756497073510433535
41113472177964804700713677961163717756593856487691439740582312855602446030992
72545233725752770453705795411723518602987048912522368804539392797465688748659
62762999839636305519205209299024226133534151857058985463126170355650582977768
7651576169248711768365518093662481451392231025962990861288426912395310662038
37389994367401086194916131482090224766362410931457299600403590442942812669284
74722672516624526279860077190875212654307051340451756857760711961862897487548
49303678531316575328204563541644940234990356402391078090994599100937439617227
31633174049287762387848845770401319431623657632036619139028197969125789665403
41705558973638703445858026775672271654243819759446872370821826758145744336724
114064894890139176137775884669943100650511819445009201653717331210551821804788
36758484175621160597558773120949485224381399516032922513139187824528772321219
22392758633140815637542891645386547684274371655300349949731823819017127342515
87654749019371542764799186017278439662889507527522219371288079334062654456169
91882864216512879456533981643351154286530859449276121558101783945969290669932
87492978243227045703431634121128805317252178846850079179277162065988102170416
