110180594547
104289853183
397335034731
791124139741
974108459826
275234809650
824803469633
970406470904
511803164024
1020420078646
322482136284
1040654976219
287316162099
608725646970
310197872017
254015486582
961169596808
562024400612
943604654163
982253629805
444265398582
364931544480
688773952037
411709766719
585988875082
118647104783
939257353655
602735133650
355678683373
448949057504
264459620050
1071720923294
968760235621
389856509786
463489393240
837180653895
1037259994388
683181046675
507367376960
146320226597
392508899811
564058801345
753480616615
804117409074
11622423454
453328923818
840173393919
905990308394
119107465190
541585306986
