11834002702573646034037074263629042540891713359253842094713092961786996998694380120073944064626797202014797010821012127978806511053136805716478063367884231
7173128191468550766247946929445913006154646405983774606657761042992586792611870660507163349754539289494180882948757593786103512682936442973485138796250982
3329065212707516775847182346684928661193767555259604352066238304260104755651713488524386102896804725633221573607297463127392493881522836082655120307332579
1673427426163560638192211956002792631049675636681329370095200709229289847382590818349917021593739751601771018683788559777637715884211591319118826465849383
9667340552763921695177635119739831102722141892369684812565841412432347036136878169974901998891884163458531836485942309677993219047148626372621963302716814
10120434529283030924350964232555664954042100533816423302925025928677302633255411660878588987805996350998537892712330667383536677196426804991525233973991415
1103111473769371903800779455819522664155658146907686156789218768526730991682377470608739153109172995144029728365059725367833699452867226908796387303658341
5739843936373306095268172693009690925825968908230322437874470390756239984664979478410184727424295659018982895141362233779138667926875666420826206841707463
8895330534128448240579545261584329199613696885802532204177279011020867596950199391233674446126677618324539928586776717016490707426117352869591108777044793
7529336582306255286957567640691056103060415815312844144681161686310956101314129966718607993876054831600360317848906503432797181144674769218781940947540983
10350796765518047754471623099630092959209592279908054934330043353319756909172160047504718950209106106544175325682302449090343409374453346843550073676184142
12419393964871093649343916055844281454779573232196572376291921368564850342431255021215059677129644077892341625012884771259487384321013813695760931068016023
10836483907421544719776766477209379146045970682362705071830304269265747677010362779935572436998082120339387107543346821382714654045137879675985798638958875
1538190061953212125748273104132353075985241212101721598554301771806639350534309861116200172548180496109590983741577441151360699085146441163995511106185041
2676508505644646036229507839681286590276552420378076268523984753759849264135093741635084770563149242809077289886741675097052582589972207630057004134658910
821798181312945829493781839503484748189817373343481247609853618921234331506237498967571722380558501748677190452180871579716264565773570997512325265725541
10286363685504820193631123042973465856793641624738471926410080770723655701864366531761052609068944802795935214704824010843937142326581988104051399005691027
10502861212087974246100614354043443150997185650519942928491359969785779022014180759328882581332278201585666441191662429215820078182295494267987230272670513
10936366241233844820099837056158495738317981750192975422443777542636515128201037072328462186811693021667367912068141334287233047009907505596774192264012384
12471541174928391954197706595358796313887000565911088546295120537411075242836649869964372306348868088448630279444348630659342319555118930840402553133917458
4064094718714423532174075375437274545151445011705748730154574116431158751627468789896666159758791307040292323096973455677731847078986158044551082311899130
7442771370226184583239200632262300639452546110402329861731681255714636573876234775731997924938994854929108220442335411818954329834694935381989472553094792
1626635834217255502999354230587088180013724068088426166232622351724586535165428402581455814635446686765044331705113325402807590274954633535302784565224539
10070449345901499455035665758972672270173594683173593018484178671743404315625972625899570084496279239962756095031071670119776553254706111118518539722089942
6230136801449306933344485258150931004779429770898859190184152143685795585311637611446314279808503911991300655129475307413500830778628411008527130108597286
1930866596952830959921116451314746206687019076026022216800440179293175216156596940836480311291348168245166250943188191975116198032846624648785698266183128
11430767519318721441348127170918842434580623873417333718410646111590068914656251342755632770237887592639131046773924927837458102160534058564124085636239194
5743027953784855291963678143120921865193716972833305809975865949495061558157797012987583067899504230111694044586673124632279924108776624437787956627011983
5412921476706489575421114728933563972458677666530934860314696032891424480412730625126720477778677497072863814584546177434133488574041157784956050143910897
4515386814326000123753106018309702957995958660020826172783086946457003186827706484382014366583023913982990163862539246947270949803743944617763146203370050
5476454027122983348095986015901510421911321345457092183658336452666524589300281906489420136995130158121943752102264560019862274060109673347832842413557563
1349726458410173214843065925508515989132374052025315547416277370776021529078711912977396078593855349618597780933769004999834766677865074638848235991711281
13229880508625528864187238622245855467249890528154495533862405107377794623407976258935021060028328783159413968868516531780356887274199967281994692248595600
6238024543504514088548681370043078621939466264410444205373312275719967374723553675383677948927998571469583956951614849737029451170874898562276741840815040
2672720062542183662066861210982778649098310584671857148010954299851837215814665684112525277630192519113212725560887811622980546601309798571945067345258207
3465122383375775760150585905841932766079826402554122074536268265128859600964161060658855574500507973767218798812056766052804663498703270187387088656713528
3355038454117228443945671058045539040369002418309536592135409138092530980272954072423308922672838918524339722171567462953636516552599274668081003482394635
4299948557096410252203511666794558944907728423823246751977871612008712369968875192047843731974349931047781709334287259205640052175771974496661119043250767
5245614242617263221948145299722579720374915356537558189421948887118212138583466332173236950810791547807086041433205859858013073324126849017528977624912905
2599077517631471424527861033717781714337734877149552253301184877888387179271992450913085079451847034900211829556664020059309673720458638044697998991468828
830982859702011257841884476979657406354607493140669689702879813446277618668777499600994461942075681535714610013293460645757702842111531956638254186435957
8421719726717364645401026961263719243539105303207433017435994931366599302989255104908355183204486871751753745719884567010880087748345551243935035473934328
10131725006012509611294437196199815611046689140091414610913630280201702779083867408367313599442450120054418058299056429579663231687127636185404821963755454
3974918256751518563445003175512357044962240135678077809426463854989943771622516899215711214397261319484461088789838706376185110708452010121291946526264342
5908221654860723465097186798329852226253328247856947434848519000095583595338397054873860842504711570976837853779367418820310634278186950731576427296839209
8679714502528066740836744334391310118481109779678562609671305267741734599035591027658241731458922481217970896695162738859395156379890922680393067215332210
12963047952002687438685903153482421398009697395525899324450905701703504801072175569754928617271316987328674189342371623581049625888880033670358255951813324
8173753731651332343782071491266618818035416489167322009251614532710013046905935707347518781440117906658050124126883501546423686289029307505478771061237221
754288257893612482052046112868832808100653968020886953452881671815854044687781654244593818346132249082254528384938072165028241776479605431826618337884421
1291676191520993581356936738908948835997683392156010672458757181338204957837732824032211278811403520949917022094749881519773974473072267490804823065945705
