59090793829509813
71684788363456230
56592083968640338
4427484395537849
59615904477692679
14650378588481611
23673369528711642
34051808128217736
27961197474509665
24312494238534777
25276087428672820
24964200800738580
68176332960352410
53316768361626295
37564945381586788
55027921155181576
37696846175794837
39631351146177483
66058230543453694
37341931337330562
10068456123709687
47267027618767984
29373851260318593
64120920892950508
58060071893539900
6625975510297474
7413414881020157
67368377847234585
68446908923370837
29800795324368746
50447429783638866
40890793150435425
40475432495117023
55354809069312496
48204073554359695
17453520310276497
55000145068590880
55975885165585360
24030797398575477
815524933055491
10710972559327555
49552792645371605
61633951432440179
21976377586007616
20689282429616129
25227602878894470
68246903170197942
7930395426677781
1356554889940476
2755531496990064
