242330554899699398179502
835771491041672484129184
975864177551592118233706
1168760719092555051331199
229613592040440052431623
742429160837074595201130
713988725518009451650652
613266942653594454007734
1009667760369189918745450
642452887232639274216180
611028562612109901698307
715061002939289759857377
515435426392188740211237
712285290249327351757439
617902499859832340755876
1067964157545964211673041
132757416442934475731031
770041634976928452237308
814652159914612221718186
166544128711437372066409
1117207736958667999369818
859989402864041020743940
1183992160565732958318819
653813639880478514898937
93514261248120289218387
748124144090890657106647
573869985058933667537036
490873444495635622180140
748957861595377788059631
620291776384208072631735
4041691458944864783818
683691885182077621133942
548156887431668971321593
895321895540466304208542
19032122791295751965442
956414816283151951702795
738759313033557274825268
1138535613932705416126984
188470228972100419826588
788710933763309593017474
1070561642450299359133356
1201035982601494019022829
938161039821633108255365
658478812541324506866272
151937372753739108858314
733381449005578281567080
1035625928772615453062423
666282451658465327580252
321284899007087696785949
800616892005359887893930
