89884656743115795386465259539451236680898848947115328636715040578866337902750481566354238661203768010560056939935696678829394884407208311246423715319737062188883946712432742638151109800623047059726541476042502884419075341171231440736956555270413618581675260434749018784940093698030193056861037467495910294986
89884656743115795386465259539451236680898848947115328636715040578866337902750481566354238661203768010560056939935696678829394884407208311246423715319737062188883946712432742638151109800623047059726541476042502884419075341171231440736956555270413618581675256309608254204925923079277612901569253950548154790746
89884656743115795386465259539451236680898848947115328636715040578866337902750481566354238661203768010560056939935696678829394884407208311246423715319737062188883946712432742638151109800623047059726541476042502884419075341171231440736956555270413618581675258930638819640050106934034878999946337137604866457797
89884656743115795386465259539451236680898848947115328636715040578866337902750481566354238661203768010560056939935696678829394884407208311246423715319737062188883946712432742638151109800623047059726541476042502884419075341171231440736956555270413618581675262404589218294637019710625290427268563037768919241778
89884656743115795386465259539451236680898848947115328636715040578866337902750481566354238661203768010560056939935696678829394884407208311246423715319737062188883946712432742638151109800623047059726541476042502884419075341171231440736956555270413618581675263285400788013968945832666885989559364470133804393170
89884656743115795386465259539451236680898848947115328636715040578866337902750481566354238661203768010560056939935696678829394884407208311246423715319737062188883946712432742638151109800623047059726541476042502884419075341171231440736956555270413618581675255544010624523907122094243741711297723065970425821196
89884656743115795386465259539451236680898848947115328636715040578866337902750481566354238661203768010560056939935696678829394884407208311246423715319737062188883946712432742638151109800623047059726541476042502884419075341171231440736956555270413618581675258235232142661768986471748411839234565908262658428742
89884656743115795386465259539451236680898848947115328636715040578866337902750481566354238661203768010560056939935696678829394884407208311246423715319737062188883946712432742638151109800623047059726541476042502884419075341171231440736956555270413618581675258678852997487286350943810472807834419059090301845069
89884656743115795386465259539451236680898848947115328636715040578866337902750481566354238661203768010560056939935696678829394884407208311246423715319737062188883946712432742638151109800623047059726541476042502884419075341171231440736956555270413618581675257783554524574075211039217755906579742603280224237712
89884656743115795386465259539451236680898848947115328636715040578866337902750481566354238661203768010560056939935696678829394884407208311246423715319737062188883946712432742638151109800623047059726541476042502884419075341171231440736956555270413618581675262731339987570298120278568419258659820851012983795675
89884656743115795386465259539451236680898848947115328636715040578866337902750481566354238661203768010560056939935696678829394884407208311246423715319737062188883946712432742638151109800623047059726541476042502884419075341171231440736956555270413618581675257588731094024057550923929094854009994729335550450525
89884656743115795386465259539451236680898848947115328636715040578866337902750481566354238661203768010560056939935696678829394884407208311246423715319737062188883946712432742638151109800623047059726541476042502884419075341171231440736956555270413618581675255807462445968900058479649212551510757920976530877439
89884656743115795386465259539451236680898848947115328636715040578866337902750481566354238661203768010560056939935696678829394884407208311246423715319737062188883946712432742638151109800623047059726541476042502884419075341171231440736956555270413618581675261370485782410575141888928859592447447210278157398429
89884656743115795386465259539451236680898848947115328636715040578866337902750481566354238661203768010560056939935696678829394884407208311246423715319737062188883946712432742638151109800623047059726541476042502884419075341171231440736956555270413618581675255862800195400175482250506049705936808374399624920772
89884656743115795386465259539451236680898848947115328636715040578866337902750481566354238661203768010560056939935696678829394884407208311246423715319737062188883946712432742638151109800623047059726541476042502884419075341171231440736956555270413618581675260195981122248641263275355641897683773874198125018646
89884656743115795386465259539451236680898848947115328636715040578866337902750481566354238661203768010560056939935696678829394884407208311246423715319737062188883946712432742638151109800623047059726541476042502884419075341171231440736956555270413618581675263423495682266637894630090094382086795847060193270373
89884656743115795386465259539451236680898848947115328636715040578866337902750481566354238661203768010560056939935696678829394884407208311246423715319737062188883946712432742638151109800623047059726541476042502884419075341171231440736956555270413618581675258071085355038630614937264279302489569606302413767367
89884656743115795386465259539451236680898848947115328636715040578866337902750481566354238661203768010560056939935696678829394884407208311246423715319737062188883946712432742638151109800623047059726541476042502884419075341171231440736956555270413618581675262419697211537892742059121896371709894064531583994557
89884656743115795386465259539451236680898848947115328636715040578866337902750481566354238661203768010560056939935696678829394884407208311246423715319737062188883946712432742638151109800623047059726541476042502884419075341171231440736956555270413618581675263351305851466713843683592326326726304889353818831960
89884656743115795386465259539451236680898848947115328636715040578866337902750481566354238661203768010560056939935696678829394884407208311246423715319737062188883946712432742638151109800623047059726541476042502884419075341171231440736956555270413618581675255861297157281765237650670315757417859756699504814777
89884656743115795386465259539451236680898848947115328636715040578866337902750481566354238661203768010560056939935696678829394884407208311246423715319737062188883946712432742638151109800623047059726541476042502884419075341171231440736956555270413618581675259058658895888262164512632920331408927383845076127876
89884656743115795386465259539451236680898848947115328636715040578866337902750481566354238661203768010560056939935696678829394884407208311246423715319737062188883946712432742638151109800623047059726541476042502884419075341171231440736956555270413618581675259843819489298112387070258346043347745097436983086846
89884656743115795386465259539451236680898848947115328636715040578866337902750481566354238661203768010560056939935696678829394884407208311246423715319737062188883946712432742638151109800623047059726541476042502884419075341171231440736956555270413618581675259127815367279377838089997831599149965287628187250615
89884656743115795386465259539451236680898848947115328636715040578866337902750481566354238661203768010560056939935696678829394884407208311246423715319737062188883946712432742638151109800623047059726541476042502884419075341171231440736956555270413618581675260375682423703536156161891596947452478329222482345306
89884656743115795386465259539451236680898848947115328636715040578866337902750481566354238661203768010560056939935696678829394884407208311246423715319737062188883946712432742638151109800623047059726541476042502884419075341171231440736956555270413618581675263324469924355472021818117315728020530326336379031850
89884656743115795386465259539451236680898848947115328636715040578866337902750481566354238661203768010560056939935696678829394884407208311246423715319737062188883946712432742638151109800623047059726541476042502884419075341171231440736956555270413618581675261435576645466246919291695626263352882601383304863002
89884656743115795386465259539451236680898848947115328636715040578866337902750481566354238661203768010560056939935696678829394884407208311246423715319737062188883946712432742638151109800623047059726541476042502884419075341171231440736956555270413618581675261470396520069081398769500360238228995341017164167251
89884656743115795386465259539451236680898848947115328636715040578866337902750481566354238661203768010560056939935696678829394884407208311246423715319737062188883946712432742638151109800623047059726541476042502884419075341171231440736956555270413618581675259420841605232505037899285120861544379966265988261851
89884656743115795386465259539451236680898848947115328636715040578866337902750481566354238661203768010560056939935696678829394884407208311246423715319737062188883946712432742638151109800623047059726541476042502884419075341171231440736956555270413618581675257902100617110252166155737172508740464770126206721703
89884656743115795386465259539451236680898848947115328636715040578866337902750481566354238661203768010560056939935696678829394884407208311246423715319737062188883946712432742638151109800623047059726541476042502884419075341171231440736956555270413618581675258419539926530447896583313376458337931883861941179875
89884656743115795386465259539451236680898848947115328636715040578866337902750481566354238661203768010560056939935696678829394884407208311246423715319737062188883946712432742638151109800623047059726541476042502884419075341171231440736956555270413618581675259710926750589313462781105811167576517259898927107569
89884656743115795386465259539451236680898848947115328636715040578866337902750481566354238661203768010560056939935696678829394884407208311246423715319737062188883946712432742638151109800623047059726541476042502884419075341171231440736956555270413618581675255987675250160506721739510121769132325092863228115157
89884656743115795386465259539451236680898848947115328636715040578866337902750481566354238661203768010560056939935696678829394884407208311246423715319737062188883946712432742638151109800623047059726541476042502884419075341171231440736956555270413618581675255429425369327121267751163347156948064307097007506176
89884656743115795386465259539451236680898848947115328636715040578866337902750481566354238661203768010560056939935696678829394884407208311246423715319737062188883946712432742638151109800623047059726541476042502884419075341171231440736956555270413618581675259315691677764894420445831459643455881771356113341198
89884656743115795386465259539451236680898848947115328636715040578866337902750481566354238661203768010560056939935696678829394884407208311246423715319737062188883946712432742638151109800623047059726541476042502884419075341171231440736956555270413618581675259676846783130220917543273549960644794330906663368506
89884656743115795386465259539451236680898848947115328636715040578866337902750481566354238661203768010560056939935696678829394884407208311246423715319737062188883946712432742638151109800623047059726541476042502884419075341171231440736956555270413618581675259920250111667974590682265267643265320946837501508279
89884656743115795386465259539451236680898848947115328636715040578866337902750481566354238661203768010560056939935696678829394884407208311246423715319737062188883946712432742638151109800623047059726541476042502884419075341171231440736956555270413618581675258486008180455776363902466353995393446362069649197825
89884656743115795386465259539451236680898848947115328636715040578866337902750481566354238661203768010560056939935696678829394884407208311246423715319737062188883946712432742638151109800623047059726541476042502884419075341171231440736956555270413618581675260882271700797440449751045734228462595512607757469247
89884656743115795386465259539451236680898848947115328636715040578866337902750481566354238661203768010560056939935696678829394884407208311246423715319737062188883946712432742638151109800623047059726541476042502884419075341171231440736956555270413618581675258603420569800104046790879151498084995720752724197946
89884656743115795386465259539451236680898848947115328636715040578866337902750481566354238661203768010560056939935696678829394884407208311246423715319737062188883946712432742638151109800623047059726541476042502884419075341171231440736956555270413618581675256086258266793733212253563106974642517206827724181444
89884656743115795386465259539451236680898848947115328636715040578866337902750481566354238661203768010560056939935696678829394884407208311246423715319737062188883946712432742638151109800623047059726541476042502884419075341171231440736956555270413618581675256591409611142540871436092384959832414408250441873701
89884656743115795386465259539451236680898848947115328636715040578866337902750481566354238661203768010560056939935696678829394884407208311246423715319737062188883946712432742638151109800623047059726541476042502884419075341171231440736956555270413618581675262152084177966007628027471232984528117336239510839008
89884656743115795386465259539451236680898848947115328636715040578866337902750481566354238661203768010560056939935696678829394884407208311246423715319737062188883946712432742638151109800623047059726541476042502884419075341171231440736956555270413618581675257835886037514142088455068690206359313355620095754023
89884656743115795386465259539451236680898848947115328636715040578866337902750481566354238661203768010560056939935696678829394884407208311246423715319737062188883946712432742638151109800623047059726541476042502884419075341171231440736956555270413618581675257572736423124023502572355119648868171811398563953429
89884656743115795386465259539451236680898848947115328636715040578866337902750481566354238661203768010560056939935696678829394884407208311246423715319737062188883946712432742638151109800623047059726541476042502884419075341171231440736956555270413618581675257957779337376963048536781921292226334828574617380898
89884656743115795386465259539451236680898848947115328636715040578866337902750481566354238661203768010560056939935696678829394884407208311246423715319737062188883946712432742638151109800623047059726541476042502884419075341171231440736956555270413618581675260198321662182465197415010447671972007463570154791796
89884656743115795386465259539451236680898848947115328636715040578866337902750481566354238661203768010560056939935696678829394884407208311246423715319737062188883946712432742638151109800623047059726541476042502884419075341171231440736956555270413618581675256643650467722994299251418506140543857364725437683855
89884656743115795386465259539451236680898848947115328636715040578866337902750481566354238661203768010560056939935696678829394884407208311246423715319737062188883946712432742638151109800623047059726541476042502884419075341171231440736956555270413618581675258866193730962056328356321223709372320943139758045004
89884656743115795386465259539451236680898848947115328636715040578866337902750481566354238661203768010560056939935696678829394884407208311246423715319737062188883946712432742638151109800623047059726541476042502884419075341171231440736956555270413618581675262847833283833208247289614723071987834000719888958224
89884656743115795386465259539451236680898848947115328636715040578866337902750481566354238661203768010560056939935696678829394884407208311246423715319737062188883946712432742638151109800623047059726541476042502884419075341171231440736956555270413618581675261648905016464579202579480802579285608141194573208846
