215989177780583591602260725480736852282
339818852242504565803773209566130728565
206811305837174853590936286531970540817
318162343253717043427541030153784829226
308635508043539054254100067923018881313
290886604724313077913519846615816389944
209006750167667336349267382590411140181
262581752006292773137389101608845026285
172323201114132030345860119404035269354
323912006990123616420255261552641548201
232681914645596552307728470533901766401
281302911940735244212532268406311194691
276680868193464119318123663773177626371
174237069234201095315568967436816147024
233627776358921313133780794968205604803
255856115931072766387927247818412391531
312482080219544023214124128057023035625
175901072010027115892401770808825496830
181716179778766211583606191636979909981
267953421146470691567220014139871415005
179661704451032456305526592348189075032
220456579498231016823637077465684608445
271723753623004450243619121215369494613
270344407102303480434924917368277383533
210631015478693145054580538903299070325
288331028032412277384425850594049914472
312499383945372624016447041764797895924
171213668538359566400614132969984608934
274101484475567642271659207711369217558
220357979941035849363559851372916787299
200200613661948284623608534644965582234
193564460064474895628704284982953920955
231307266252814992318659323959506973932
177710586905070999711345974076054523899
271088638297146051365495789407461541386
277449871423216776914394928868035717397
286693596798109908603396602519338694997
268032439133166172270880074964116192561
326653924801587774927164047170339760024
207970904203195804570100503233743628463
321626399736498371015520021274787176831
267607926848981960760716782697319080450
298841405298501439659339870914879032588
299458205788661216172147797267606780783
170551830529365484306327579296510085156
308790202821743584855413963341297290695
232495372702429863440598572948145758642
201145265026811684987532049138056527838
315640389366089088060765777115024058481
227206753929270039186252331254256152360
