239927991607536310387292416717656535483672882460731
253126253548570060994502176523350909979896614764906
341003419645698668837562419851771839629934133356533
238652679029359803982208243522781692111572587731382
308891976406884410324398743829880934746860385744611
360306836294002766264391556980074407518061814964638
369523998378716718317019548753252982744050040581417
284719280973189145527339688120975779883082297369599
298996983330484719090582490203999326596750159561360
374127024594659219272497879796227619417977935287552
298092758913834177481548961419861738466181902701416
238685747032340134771582667240494349825938844910995
237133206301504892788111163663587071711761256754582
367390057475192583103390400020334182969552691284971
195618859742872214719532112920046352518002724776924
208250940275054584610154479396710580621052024885197
343033841332368851793690639956339715984036231191418
270364704179110470449032932015562509460436098239111
342310478004679265111143847075095294400231188028929
219239768028897184063110926667421486621312881628899
306213042164568370172949856334053554839711155705418
228442764689654732322962030675412083472630579918912
259710693153796309739905056788884606305388966366705
193285464985289847232172318119595500913141305243429
293078933828935677037859795100114065496219467139169
309988206399086324458348890754939928473806582634792
318362548055491852092328134969846794932330501947444
339983775329901313861449939004426173075628616747032
197862554458899890300269585901310153964616962171456
278960510313241201470203371295774365387658111031621
290209109665993592304459326756167177845138231200458
360480419453373353730340028265741905951753863688338
196652939849186754978634045960724006031650412169795
354850420916114418709083090544199003957845572325047
318328047540211518750248241403105335137497843919969
309475693683471297079322828455730678010679690156796
241780701975103956174557431482506856466733554476526
348955067441960315104194248501978425924514602449941
347704200453757246399741033659796882059238632551881
370732232016937069320684252060675370367212745438096
356977536531175068596811211944082244926500480250538
336857976977567864549290494487893841428432928168420
258088798727492049596920202673856786548565193348475
255167825465094759128547364548526665334476947019956
286840412292409251649282192853191553815210167308500
253406874854295055463587327546958166841895938547009
205009873990064979899194860645661850544704806426334
225104968892428205855754839125179786259135279759763
323605413657197491244947622263517666202228378808788
348008169214136211144699800430406866910537293529042
