13479973333575322708128455358982005389339731534258205469911166958977
13479973333575327641918280997174272937471123835391600958347252767545
13479973333575321225676050165615498676590137212252810366912972384111
13479973333575323178663138384167889314154973727145138522604350406443
13479973333575322774357417278445864616896754058251895256672893769889
13479973333575325614892811648933466275226901251085141644470299570728
13479973333575325836457618722920805410359537526421987043237261597849
13479973333575320381679924752665349703781721663895056945144295721678
13479973333575321611744460636073813096460104324686405942890457035413
13479973333575324308186287002809348313212990617966754814188007225754
13479973333575327937219792504511022112243326210094096395517610479115
13479973333575327733829233272170416880206820619441528383223920281612
13479973333575325129465637756548493003791608017514206121599100789011
13479973333575327540588302646558346212970889897239445452126217468740
13479973333575323008600020173996904779452528905521350662924094963172
13479973333575326777738817353507856350087423898926084876000933883650
13479973333575325233636725164704679589553978039964354567895855518090
13479973333575322181967618798014792801161977635004604760666319844975
13479973333575322151235560413294163057265535544235399446723464189524
13479973333575321387290739575449792615322970731009104190814170266503
13479973333575320419435952939648782605816034406147972352059838733072
13479973333575323485454549400089907540065015365080161921685890549585
13479973333575323347117394564388039135001216343622744422981769141677
13479973333575321959534401511241795253922856949664670871127715523728
13479973333575322925141429150774356622633275486552543788828969181695
13479973333575327448705445649119950590800275663396878897568143158945
13479973333575323809326182343214543935791357262708045741932577108087
13479973333575322072580290551482234664868633270513287451927957884401
13479973333575320206520987558315650353220118094499789275430391425150
13479973333575322790872936422100700368541995618694817301541193777943
13479973333575320828295321021247727901909117407526577805261127359399
13479973333575323130523709547715180565227754424470411628982298594602
13479973333575322973438895659831336715864469420462258311728099574409
13479973333575324987581116585988295265283908783403237258075502351047
13479973333575322490914504223508868689403141338217949374907070668813
13479973333575321820657661982293857325543698062109062440587774780272
13479973333575324865583335902322048875665243372630901827526433835410
13479973333575325225894922155858243649150335949363890673651686988053
13479973333575320424491237811139175617393290422579914594847691526853
13479973333575322569395666792993644917644007503416577826299208046522
13479973333575323309121623884610884705617333276404543060380411988447
13479973333575323538198055848981386456313536752553582469766550556788
13479973333575327968513431427861949710726785849274295389948257691447
13479973333575323016345103798510381684938086963924824141455668203238
13479973333575321215741012822374779040642999958617414912913027216417
13479973333575326507969386209635172427315134866529225381302588350358
13479973333575321620122782743163800988704657166355343684517231389947
13479973333575322048012280647938058413251163581026276169108607528995
13479973333575320555832879123500237720149067134083922080403516736244
13479973333575323406306791740930930195862846128278595034316002064450
