57896044618658097711785494544420628696981099347269431121927614090970697275511
57896044618658097711785497532997563712496404736162354188613067164104627380344
57896044618658097711785499560490821277597592730332930142921735262929211244426
57896044618658097711785499928734253197696980213762656318931541601950830052644
57896044618658097711785496714444743423427021420553138490314092241589774981369
57896044618658097711785497866939417316353213039033772064215130746378079387887
57896044618658097711785496336138435420928847586671946064592364779687748954250
57896044618658097711785500192682896412819483966709782279169163630131916194207
57896044618658097711785497399721437712221103048912958923868188392387372502144
57896044618658097711785500576499995567423267313657913812293464813974904926867
57896044618658097711785499091296463078376683680166843699893207805043047624925
57896044618658097711785499366183507247314534934754771136228024010661092749500
57896044618658097711785498874354963123273498311496231398280666066754892951895
57896044618658097711785500105601340322157364591202976733062156267615527274989
57896044618658097711785498697058391074589423997183636457010418101384159654212
57896044618658097711785499514016056264269388128966535866769132385704239454779
57896044618658097711785495260780228069947087026724613244123982786189462676886
57896044618658097711785500591919263065328338070079697347587858458069212209429
57896044618658097711785496235717706231024873934376518679514886182884695704347
57896044618658097711785496386975232619132714429476519585739711823875444894851
57896044618658097711785494934389277005781909494463689138249855755141573510298
57896044618658097711785493346497290408650719186954693527679183679563555653625
57896044618658097711785494627282766690803164171942613854095267087186822894281
57896044618658097711785498136403316356978876950352939950999552336427951296214
57896044618658097711785495523913629302294385463603706170208410028180194416202
57896044618658097711785500218226919437929613803742584850520068141288256540687
57896044618658097711785496007414324498079353857619916818306726290524120292838
57896044618658097711785500228513057860002131381428880477462462691225716511258
57896044618658097711785494831114077524579382720238216593765387636866131452007
57896044618658097711785500540228792213704185578560269498460355135560275934044
57896044618658097711785493145341691113275373831246610126842922387745617907095
57896044618658097711785496223413440405399145379756829812077716945363936557280
57896044618658097711785499026211985853783151528329796449186526752638845033253
57896044618658097711785494433369394485614494850981698273108422704708068098185
57896044618658097711785493987441067013365617345637867774154697388455118630022
57896044618658097711785493865564017470269881179888094992965292872111988771890
57896044618658097711785500673709454213191582280284533367265925294698149784912
57896044618658097711785495567779440775202718102806014574887658618317189628201
57896044618658097711785500514322507453876602296905222182673730218323690126123
57896044618658097711785494500037351247628215405145212032125977676201408431278
57896044618658097711785494319186707265386052321860151726135148319490985326045
57896044618658097711785496023741840544695433016527714005311795411582348892141
57896044618658097711785500611563883000572085506303652941915401821193616557411
57896044618658097711785495442165395415913932054675460793576667321404184529365
57896044618658097711785493112120837047449984430528183073685710111079172871930
57896044618658097711785496686369614848257493103752641746442213527472066962926
57896044618658097711785493195316073187281041293669056021965454098745351851711
57896044618658097711785497531736674401271764369337699952384084121307254205221
57896044618658097711785493328708955935325441806795605232882889181432193940599
57896044618658097711785499584419151355643166315525769192400608329825962157123
