916698294868
884293199738
592763378433
817022510458
903565893850
749432112955
998968257100
892043353587
859215618616
744857367322
923337826315
593843985042
924809099691
725647989087
585276623149
644089929372
832699850252
770588646977
732721283793
800341841621
808733825219
718624744312
1001653916399
723806948832
748829798736
972246378695
969447001599
866926900190
870655559829
736861913516
731314082373
628512456838
609760527464
867927243260
733106929271
1063224269814
1089124519321
1092224997694
1040050186547
794202036785
788061717215
1025747634821
1011224929346
902713473060
642575478667
1078332490683
942766912985
642756682940
651315534875
625434993057
