6703903964971298549787012499102923063739682910296196688861780721860882015036773488400937149083451713852819639289649295564018379883192971149909918324088434
6703903964971298549787012499102923063739682910296196688861780721860882015036773488400937149083451713848782038338232441528841495606037966352165590532925878
6703903964971298549787012499102923063739682910296196688861780721860882015036773488400937149083451713852653976805340942691952414325072542526953029517179392
6703903964971298549787012499102923063739682910296196688861780721860882015036773488400937149083451713852905973477928951884567420105833586814755725254828545
6703903964971298549787012499102923063739682910296196688861780721860882015036773488400937149083451713848107010731131811616712734384792894100880178382031156
6703903964971298549787012499102923063739682910296196688861780721860882015036773488400937149083451713850275940329066154565054722123833081071386603023407376
6703903964971298549787012499102923063739682910296196688861780721860882015036773488400937149083451713849401750555763193966732138969999066568717474106686964
6703903964971298549787012499102923063739682910296196688861780721860882015036773488400937149083451713850505657379927932471054316079654398313261309334108197
6703903964971298549787012499102923063739682910296196688861780721860882015036773488400937149083451713852322133849235462507293967259036876792838199705618488
6703903964971298549787012499102923063739682910296196688861780721860882015036773488400937149083451713846404336296200666131965764295985477420905295802050314
6703903964971298549787012499102923063739682910296196688861780721860882015036773488400937149083451713851368885242628060527112254484564886597570835444099777
6703903964971298549787012499102923063739682910296196688861780721860882015036773488400937149083451713848330626928520547812141577892042059879951301216685980
6703903964971298549787012499102923063739682910296196688861780721860882015036773488400937149083451713847118863043985291985715907951245533765755000463739232
6703903964971298549787012499102923063739682910296196688861780721860882015036773488400937149083451713852528441148436611875024256432008081799182007862701452
6703903964971298549787012499102923063739682910296196688861780721860882015036773488400937149083451713845719125364525985819032005027145923893822542425677333
6703903964971298549787012499102923063739682910296196688861780721860882015036773488400937149083451713850270079523330626230206476578495058588720168856357774
6703903964971298549787012499102923063739682910296196688861780721860882015036773488400937149083451713846630969256121197475875658532031255032532274706899704
6703903964971298549787012499102923063739682910296196688861780721860882015036773488400937149083451713846754628009252522681121125898747516140530629260469797
6703903964971298549787012499102923063739682910296196688861780721860882015036773488400937149083451713845063618747470003926341508420146689389367082625469884
6703903964971298549787012499102923063739682910296196688861780721860882015036773488400937149083451713850966069651529461062405758306103244273084281953921330
6703903964971298549787012499102923063739682910296196688861780721860882015036773488400937149083451713850888831019430498858096382806761805449472737604876204
6703903964971298549787012499102923063739682910296196688861780721860882015036773488400937149083451713847751522737148315181616802319478766678951206522974221
6703903964971298549787012499102923063739682910296196688861780721860882015036773488400937149083451713851833334436062947408108877903626309622961648080862453
6703903964971298549787012499102923063739682910296196688861780721860882015036773488400937149083451713847842970200275351682153270082974877348509185200745083
6703903964971298549787012499102923063739682910296196688861780721860882015036773488400937149083451713851319299910022287437462545069473103045648287963546879
6703903964971298549787012499102923063739682910296196688861780721860882015036773488400937149083451713851972420161086793821618318353846338947587850078690343
6703903964971298549787012499102923063739682910296196688861780721860882015036773488400937149083451713846693833890886215990570873062037242045168666278363101
6703903964971298549787012499102923063739682910296196688861780721860882015036773488400937149083451713852902933939621585749594884727303870432745080053306936
6703903964971298549787012499102923063739682910296196688861780721860882015036773488400937149083451713847909655288309646692584330285563934003709975170794627
6703903964971298549787012499102923063739682910296196688861780721860882015036773488400937149083451713851894030539729765244970195748663282729014456591684046
6703903964971298549787012499102923063739682910296196688861780721860882015036773488400937149083451713847140830048496612393245835177037393303028377398423088
6703903964971298549787012499102923063739682910296196688861780721860882015036773488400937149083451713845843630285441571176215525394482847608941982131563369
6703903964971298549787012499102923063739682910296196688861780721860882015036773488400937149083451713851121423360009649714949742527821737520291716315637203
6703903964971298549787012499102923063739682910296196688861780721860882015036773488400937149083451713849539882685929464556115036174312322071128479591039321
6703903964971298549787012499102923063739682910296196688861780721860882015036773488400937149083451713851379384518207838801556067469039959423633521630988840
6703903964971298549787012499102923063739682910296196688861780721860882015036773488400937149083451713851410119697255285685128530753383449262186390593732716
6703903964971298549787012499102923063739682910296196688861780721860882015036773488400937149083451713849390095597112336731072272542351009080976158483793055
6703903964971298549787012499102923063739682910296196688861780721860882015036773488400937149083451713847970557600892401077192809416059306476744309814456762
6703903964971298549787012499102923063739682910296196688861780721860882015036773488400937149083451713845783196039708170417572505215845940160436721613678995
6703903964971298549787012499102923063739682910296196688861780721860882015036773488400937149083451713849331708425075907237645537867822999520274697792226586
6703903964971298549787012499102923063739682910296196688861780721860882015036773488400937149083451713851842502538455903401585444805478850456414164971545775
6703903964971298549787012499102923063739682910296196688861780721860882015036773488400937149083451713851619961296723004021460627976527147188644137005302032
6703903964971298549787012499102923063739682910296196688861780721860882015036773488400937149083451713851896412937610123252005637560997801892626848615331264
6703903964971298549787012499102923063739682910296196688861780721860882015036773488400937149083451713851828843472907692803937432363627662862979328441698389
6703903964971298549787012499102923063739682910296196688861780721860882015036773488400937149083451713851534994163042823565860662518834392331150665238097211
6703903964971298549787012499102923063739682910296196688861780721860882015036773488400937149083451713846216736617003437518212858561966644573252708162547151
6703903964971298549787012499102923063739682910296196688861780721860882015036773488400937149083451713848221123160638822183022260815665303805645168632205084
6703903964971298549787012499102923063739682910296196688861780721860882015036773488400937149083451713850346319117615290417131027267711274739909939719854253
6703903964971298549787012499102923063739682910296196688861780721860882015036773488400937149083451713850242794759282751149168594090838938196877009410189519
6703903964971298549787012499102923063739682910296196688861780721860882015036773488400937149083451713848023280715462109479003849489356658221127010382667850
