60318321748143194
56134950737527099
46114614288829052
40592998342816298
50470432791548596
40480913296884956
72053962457741188
63475124268001472
47701381009347785
41928295318548518
41781929739443257
62230100602583918
62428051066514717
70035848345492075
56479343346045271
43765404896652070
54001598993999271
41376363402411473
56817745567740992
42392090424518528
51467846654347083
65587476499957674
46204768573730400
54435430435154126
37939104837686791
61111460738933338
64997133135232589
52659542086044564
70066677094025242
44993758097941760
69227038793137778
37338248934120364
48007458199151778
70551266849275499
49449747514725411
43845089241097443
49400484140751054
46186597014762520
46815989763351187
44823324322992865
64286779574332054
50439846125482691
53531855746273468
64227749575802437
65143315710819796
59917295234455232
40054187700295784
68653521827747493
46343222417413992
41316354916357164
