934034054206278665372168
749806611474678507825575
1189419450261197101723810
713249634088663105930113
1140412080413916760349773
877657737029619474600172
690954866463431222440462
923979511131899384151519
786523756311040541858393
735465318022702650417290
806013879228321741202982
678097466172076347796327
1058371173141526498608397
1151569205055541107540528
883713434114014214322679
621111149889481360939406
617753370899288463985297
722702457636287613461863
1186066272089323574162538
770860552581763538036937
1072778478087259658462175
774115575237949238131516
690228160344053790336651
814250370326262161904507
668749942387866332131604
1061578183495059990526956
1197713161201940370915244
868659670636780741420476
893328650835939783621112
648288387300090204053695
936843224233329230038432
629897231293364984445278
773428007547047669876591
993814343975916254586019
1150740443678746875234660
1028409843449444746313307
806571973758902656761257
1093229866190810495049797
748425929105428480335577
1100787369778359871665172
710810534979389727542922
1148934901784890449188562
998541631693364315116056
1204581040389743918112884
717208614917730703897354
979724569270130761451066
1081484692550960023875981
1157302386043877709825454
880720299608186495921205
1013457118228312286802501
