160705269897588704311502560222015973480477447020989581615893868453641806981832301005761577544685381209704037872515948363394714834384972714036876968098690547258442952699947324240397241868275168361945468367956073428155377768730391852834883218427598025859343580159361568372891828239111112334391497385680859684116
71597801347063883291402880462369604427362161781001729667404714780015898232735758193964812325502733895083581071734917980549943052927596335611102174156646440025257627475095712678585259607589066222150524933025529518860446108818087884708656489030261441626149693218255952750326979358765638050080197961667096725916
58756917020821921157373433772533448080322581010334048898617857856173646022911843574059176859564489325924071751786347383426163454784636945803529286765395628299540428251430330404997288173616473639326850909178770053087270987074231589629259563296708484603919402808880449367843870591648268513670581984115168626978
22376260840928122221255051313353006661164323541231117035518704238012954777594614903757824905173958474861803964411699240147445818426632100539129515706318964894087128318719017969459397582378138208915734528964590672050341980096213458650157470658879653668543977127386446074592557732706076357377804450159506260130
122623356167885650830800907537674338587150592472549360777795224668532655690547308067259712740100757536946561414555460935846293041355181526133969442671806379490344898985687064223231521816903391414369539266221401391626633353906567728807466356330967354355591609542728202657430021441222799061409283810873730945761
126734630581018285393100796744926976188399451057380025239572502749633998567482834864342360653017069056879869571314182267408170649810507878356198687357407282222603251828631241383048397617863410556287321899502183710989441549674652212558292692430398930389245315935518364404445760725735546026275574654119071616282
14015079352544986304344821150342436720856338767618379340749641965978169496118434473068844068953512383712702704956861507467442226140651150524284433844581198320344244856222708874751670573692782466974300298561793780362881395996439638930198777036028560388430637364546856801779119295082141085220639469624044863030
148384973520189092899033064402255817262233834760287800148897740181447130240853685550060450242827248963268589039178600407177569291501765052222428220873368980111265694355731597878336936976373316920971697210617233901882450273447596403904996203397656477392639728050393776536925375985091330255459898926630535879017
49249834325659623182042200672151813159592848892571827799747113022523288983272027874979929662588208328017699388777481372825022027306816204473694195365411844315083113661633583327656945175187149865888808031834539697988492268602691516141048818616119291328030962680505007985391479721973053247411547145629972535334
58383665623501960579767552511288417382866922236121827254471448734785368809237564936904793009827556755880632249906262713462742803985210128369417837296324912579855248500177494238659498404452946663193651214633733540915525418109506923988870657804109945254369608966649054063204596780290858055509268166161460688840
79421719772231617925098899961289243650192580159186258710990516013213322496521752328563398952551968791885676612272901949876702496501804948408139932878693542025731900588028541897023715406431374655320995279121052015371983577561051245615078171411961949610667628559072688319403634348132045581670491783629983606745
74508720206413305665935064091938006497812988346426238692955324405356479455948752846313567571644060369787606198581727518973064571416631955141327525620171629200846213317885605657923457869692309246358239398307515042391534642000180829345099545205105118382027592408686106425397600148072288306495127490321493711456
120502893565285583982366212496358644204042199813333909977954879848962170143025973340708967510977941889797038421717800069013969673156328799763207899174927813698547503115540348746698639325477736856665019555427854800802503039188769436779830410743781513519585298567104838357426731210450754897082090624008950233370
87811914182806236264369195295976097103223501556320228283428279956658692263657239241025691730538127739951521727849022626989824766992343203673665190263527574093588321112752586326214617255628863688243758124998800566494682242302037959498233612999396247468884028848586329037618172639242212582175646713407736143018
90501688498146426849051827354465427070057030334832142306852380309977002683485750941243984065376633935759903017158397862922007350926025909118136121561111301575035314478122600161730366053069199478058490040488928828690375555645773653620452639456765792169582019274478750002755360331649834435818507465872361659682
110288478037461886668523313967672807872748498617073619480233374433992540835141631695983404041359515346794333088975233250291546686323994366313401956863935141638286502909919687689701786149856725755404977300551298897946526747192874591205092294618768493591414290314229886810628560544413977399031099772896551718467
88414534260217986409237599718952933152316192299935551365310131931697355573901557113391452573025495586107432560116401254769442107574245190672768713063880143012526950319693603429892395258439845436562538936183151816223839681548376033789801043881163554784382149208498172672534576446380479911196768779880592103759
33504103451838229282284426230066941344013254567339792832768682811876818893247095150633083066328326213184869448192209663525518910724208236822036120639867710036217813833025645412612989803851566257290444491162783533405891410033644335286496795212556113794844769468076074510741713372795649085505665059153220760278
79603644977714242789461562929346269666001913972926986519387144219833032507015051667889157370015869532302764484040249117450779564222742419377198673106077642110970920986675287030526688542661567313567031775711639888598578030759100703329570105589728739990827913196147672742680212057562984160066055213071841166093
106348860619963948248259114694375233118106221990019590066140305459311032251597343281496930558063553911043186736239118174355193465126533630707795448281243009889389843278651603017845779174756694207597826196647693669269084772211753434866531810869459400459934753227219008576457788267840904378496892221203666967749
177552823192855661039314508991482169368144111143425862375363739671439730204475730215244752068580029484741607404003323822481912216343537536555278589465523114005628450821173529969115927912602146378959088957408063916427652571457774404901521432210282092917006582277395629588734511567864804182507330628766185407151
59221979856104123666228365277819713124016642889608097082168601532225771467325579095863217002098582914894637447372342312827226322776317790410957623489423018406885534488089310241411865226842682399705431468418134651129555839692665719796430649294628646431047668978086410207868739810319872926082688671568522452180
135672204951125563437171375118146820064701141806528958730942588098107993002449879626492920868581122619531225896256676810706036313620559007903924585386849350674423693399979264708034634774765785895007076126558314041355188654602736317495914517734732898546433150138902536718814254317507644608848358244975144561379
153731809114949258491365266954069357589146607431700844980646492047713968541495126975662821849689020151838310247335440997117951901475442832410570609470494872375503307026825066058161794840312857410999426489497904746849899460050552226283019684927649027123263221811186857902321453027150404405470642831849174423831
166666968504623258902989100585200307202272738672475988414972995671379689532318648423401996937959510041278309353881185102072393447065469002517798517276127747244862831312883009427674676111068734627586267939794482877897580949503143650514455049096973465362363291612270729324026295610614905537343824054710187682586
35965793862561593615864543013453733968205093984786110852534752039142447621534092135891563282032282968237303675756781315067713970863096197579906889877050667814645906276128554941586320709794606038574275155835839574045302164084885130055433713606706339646275805460317642546547163988010679856252406132382083760855
166622937743654099325272871538091606494923394923740994821806054420425672711162291329110859841301303781205706571197206306940021688671611069301758454518491882035322909323626849452589188920581425160114399196459689231572037208590808511185564156945085874095192764889452426307922589509909267521775079206001593238471
174578287622477382237142348216048950484207510865207482210579730943589529990209149812135339903157254929718110184139557894329862237060418379591064499125373546418414096474340206866888223468544538434222928460800951203890840810690730017444324431982890343029045327778482106363828361142412554687319928965195530799471
176689412878150790112825161456843615113048850858210805766028337767003943669631918273538912133426918733624635624094345781300521813010204817393577546950462266971669770045519157539482369647710698637913344558566508545664777687164800742356303562228877972323088556931256619717552196672725141883117409337024151776832
76703786400252460741688875760069954820618599809475206346230909751660638499351632009691826200193467479163821691174919852904521250208933564100774399654850063356315264932641629278544999173829140289873863024849750100879789389841640376718078604333488855415025757205333000185537520832207188017777504630254537010678
15990131669705551923847804794370091674751724501411644111400338110675372141471092079495372377219845195986849869536065539518422039777972958738987327130713662989411758715938597429088613166223794329109555233608699228822979597616816095855965798163771997742634923694791350202739596303629797977206176033574533959655
152866144082609184266870983249157378408833569594017157082672388928603664895384148394534297815754187566550483997004203397018723121904913233171185396513227144061816701610563196692150780029136601022150509535230978362305132454879731334518940547957091181829357724738557415547935752032667403115208815711207936639561
140578393960042709329747084104246648310567473795693679588918934463830561218983109071974273037356220966976331777440071890272315822939147815670613499116997923468649628992466235930725519614692695166204028508420002660970275424759465463042445553442133510315226827282058258261142779751533478192850061910431302468035
6306926332641357833464105416429399369159737823144015460318742975373997525835497594000850615631108527959415984692599354688669130168831016524131301754662444845472980690452588604542271590409174488428970143591269677564253685192741117009706947110155474446751103264893483835234220719959491798366925892385556459977
3048904557915329348971954447888011725590029660545372841560245198749653399781974940972946411546097589733856519597476777363778792857924139161355072721848890215107470172042833383204075380063537156905100258456271592881990362563149442283260807374100123164719597158489663939090603225468519421212982081559621567600
68812970397625752026362613718560384075648313568471372996823215113146383006782690773941353386241357462096652063005647282458627220712138890326605564031637212829044924500975648180434385431696989772583192488093322169592272195870707002939274879477756847555946927066009439565710547092393097388465604731679984754400
64675847074477419992882483067167525102575718788790761551289075352577876961925293535041896084282035402761086568135290481115917809048565228650399519354713036970776540713710021804234353874372224855483914726562740380242394310604244745925031498872046812755471436719169115375861939099409629803564969796526858525147
60959104738011988153353823438003786810274935313293198142181265733929857437168856216990291334261064697103956459921543584721370429080224229768577880876697115127704459065229260561563962385449940042733040340243128327129248108971422741897845551474448844454880863984574479906413973384371216532259925541191565021765
133718430447833009624799259088029899633079974496958978669787097078961939016297160498523019089941583847267309173801666671854118326172022804376784581836876788619586995225751318443089225628943483392168278212161974679321382769110495405557602785562736235153266870494439234053620985135424009630491415483052803149225
97102239309735386070617706694740701289464125831639189881604504896817454486304680092401068628807904746517830335841440598296885797543082424795261476040985843396600064869696548826271796401424702555430953662434528868488365703162300272775280361251400238247136283103938975477273979422418571438885248505256263834999
136537075476044247445003166143650680971445043470075449197272746417593023744484984239353668017778626973833763820485968390533534585204757963828503130419349845056590788237739364248988203614978886672977031544984707806792621602541608168482911739062049340583192044808930772361178357841904493153429294906292513512540
176026283183620928207619681801958161929414551252709214688384470484542458611342982779218157881711959212986182709291328644093931689165170753341418124893194203546074723649361948119176458904146265946658436762369460936528116831383484921494877145704359937229542540144247240392165807133464127196471682590963846273531
4154375529364099096424112770469782555268137747566335108857057829182907278040963614103666237166081507242023971726217908147448646048014486619269736124847290415889600760197737225283156609714455210951799482665122043897273222280734907951664267734662217922384427417698201001613278741187230925273650264050172178204
109284990693741450943516094426219615835688447329116633888322529724167518385422408802850299683806331829378559016028159170120400207714843809213817693015412603437779109947782539870781149517793322681277673578587269171285690137208542855862911363815538265549837523936521497262522226546390520859863386609371993930650
52511625339192535154387870977176713919491703105569421301829128196430326350784379888675378820500498519612013328095627982124541611719719371589049823767534404973466324716041208959588496060744301554478961082420418341299218736034167308003181884180570138247250523458525628002556710020794481346297191360371835467235
68422804416419791062019132800826446055152743883891398991726585588568605350268327229304252100930564594780321291179324541223875511455241078200088192439398014546894727475156740303167047940341996923664924803503597189760334973103349301077411848507606468241792882386574711286845363667066506575813395067577124589379
8437923399857792888240937829063189729302181158113953373502846305526193295657290781209908400533193600333443279153405149822925351752332069374536360420558284804906020746306683810671223327189454505671607612983189700823009704235955405678992255333230156636742536432287734340675445265881083161897295768793063527628
155054088876805616654657467820239508905920722713942495948783756368417195261556477396511085220188325306276818438788787616360429282471850000229039978624204405381269160556743035534824661674607661080159044084805366895989612416168612393456641590454806176780443866714309346982621292396848356401834789278853780760325
60071509127754364486111493663381129363871788055226998960785289123362720975169115951327928094437492100029620029228400323849410688932579730250467592893203876982776406747173291502129105474094504422283228087609487749822281089000578984749586277228488460062171583980241435428215090751325801510992490846602781753435
20646383466405537171106966228260644714593026088591618161679027342858444696757371824950861991980216881494559266097933215910594928038854206695142707572614657588300243546678897667854981196807618249658228916949868818829914396869289690904514748356724862195910976015082552938199830160048204329214035828484085742866
