144187168603006406005028129326939601360
214823944888734723481055664822387036173
138337026514655066018279540266817748647
184611406210905158798349401197988285416
123378147451210605086881835394582387526
49704944592887169790274197065970380959
289573118147632559005888448963732540981
188107272959722425990832428620302203205
214311477841731948984985838298540023818
310339393248717158074259282361180912769
186410391798676868120507057814242453291
22123670950898304718477137348294287895
314153220055654591522947714273410836536
243458594786843664043476316619736556622
271343306162080091285865553793911271243
162505809318537520449970893853264629293
223257326241749851834764942646212214948
35335673379238492662047782120923187274
139018781964641264534031630102729529784
268574062016455674406316952390436048683
95044278609659841671355254295719638576
154376104000193792305003780570129600417
331318798637981092167259048033629903180
47528482787135636198909387089021615961
339881103247281929701671496861342363782
140370377600776309971906680315673051077
89593326578663166068211868050395593251
111145640780120223293935836094924045088
68893908160002618964845149068436948272
209953595287657325660196008491133738269
115665372744528220942073762886230115319
477306474872598525966677819208206065
79314259718311871704955261783469940443
32310306783685528342703055859403893935
49414269837116297140278620234440262898
205378334696973045274716002671123198595
203792735838856937936799355829364104278
129001306125355036015530925762783772288
226941986378064397870053635433318879530
202729034446562564839173938760715481379
119880676613435906408593156766551389464
301374496660870440317564986890693415113
263783432573286908172051723283682683948
305672839249316763685181750923399983392
78545790453338699248683359795400238126
241408777361511273268350028405448130582
13786788361905414757277465440471748471
118408753999959667166044726425067751449
320929585903608519985273763560495655057
209494759917123289064917247728775454972
