75569038950065054973733163902479468090574004520289
18306746735091334635194179628962006689067970360877
229367307816045161249979731602063033079427601113287
220038980993487258381216225953666498819705936437383
313096158022987224445073934038713144173065059387551
55443592734477357169829305411304718588469217669671
280337674041969107742480881617674461236437189908076
59586450212653264881444588603973335100796853102636
175248162380772048067356402936730192914262790938859
287275036422096451953068654158914296935576890764435
319525190796755168870158681927282059410880133186494
85956694398699293591650211207895659595439732423571
264004706293001997846625552327649731366917730070372
355208940789911382849255562999010907371254647558562
229831952468912394701000442014449546549576824000389
113710582030734658142636107231654079384294642370978
225765208410743874390305068430694504295051584146837
175096286582854096145993309611178117347973029253046
146139601138597422739657869021825427681287927980430
95447680742316601849124962597642577085129924252058
283074055647325234307506573944902719123346055695952
164022941617985228408687030478231059792755272133706
30432063259030097070769827461672302181174193727971
111755806510886967755810609979469380225146898383006
9741558266464259891770666065861892735268407067977
372003497895655634312564347125763628004871445248277
177404699848898280955626248306931598448742500423732
286139870304417215607392707710602889005650515156369
21440057050541152240988522527710041040501468616187
116813464707702369600254385060237489059159358487636
22159231795100042026091515083142166268915757042914
352899600118864219159436011842804675129603261171628
222701169364091002591781924123649761002254690032273
107189010001783749449095259547645486695248279595531
297438370282328116398921528308106248856808918442034
8040808663676720557711824856186939613322569976495
8469497606516277659511748957674369808021350135065
64407144424865785502165251071304269871721962623977
241611725091324879158073628032275595658063709456434
144163905919377594455585216932029964717969047550991
354877985497142114891279426650646869760330428728412
281282630177488590556658349869563437293096234109084
66846639968774729326128103735553265752448903510184
144705718306890616584739760174705403761646399643604
3003297350132117071795208473299070494466500739180
269214609917799109397896839615045192010325257968035
313470772446835698580294424662458707761278242209449
272097772638643367998467085777080250275254519516182
1567663815327175846134172679621541279755669860626
201347346758442690785720711582749145910865343944213
