6223828029196204815170355349678037471241345120983098119280173474921
1928633362958765858996934383223160867770209855618644247245274584966
11850505443928962886157460684025427517583003941706494467655001825635
25379721163851549342603125121931713978323180590204536972456551670041
15272523522732552229795543902153128584238049580064347678018867421353
5427656394685628495967776320658047337857163000808117449223936633172
20605715427342510269097739270191190047336912893584172421631429901707
9995745422542139278218876516024201419235845930298253424522931036933
6169850144832067948605396225895966473533920460152525171022878373600
9965109299953934000690743795538831533658696995869188001855163201339
25208116715745862265771678424360582309070354645549164224122094061999
18056483814840335104415187546454193373734667716108177499436381060250
4534926970496234453946660262322808240753206298638403498271958984864
7101203949982798702362207824922593615319353201791755986437237310982
4388947047707260508088493633987968614186069660839927555627938770353
9493380956414893331073909626298959484102388655033114702113758129932
2123131622529467570298361534941973103606348453942865964829280727460
11164405340034109393856629290084350839360124431482149027125386327490
1203527577289487474362010149182619550493794143661360512352277444980
11678160674314780211235439207642406782861627467071251825990602125435
10576779370957843633263832646173736082290153089482183028494139535355
13334553118098149756202667276397125421373401193852836474698931727182
21504598862501204140861574574165426293070549706841808815347557703089
13360507205870709869522695102589683837749269224871670745881387282259
26533059176248342521227484527132247848890958850671365037631354766743
21286734784376827082342959427131466015409553073777254875915830021855
317750864024878090827111682783381328164803049591020252201932910878
6934683510382778777968991196784266769393746654036820814785981029859
26557547951178201916955199044162276199104303796278465672727909447917
5174377407926257435093588560061080046810700315119286919348941619131
26624643540369396461894259504088834936142206035062969291984576707589
26744370720786616044544102597434473194606674524185211274652178755009
11561644932150426449452875831733637294975167279412079606584119462012
12404754702387490430047714816180046241769224907404329809616330391744
26522422570250754778702708724037299733470178785136075248361553710523
25805503986359581247082486265418887267441992390667869728487695053612
18351850014357751835855747720401678527698383630513922775471285131561
16960178875369322114557273499877515616916034412162383792974799147270
11088542664643825313584201382375082573350049701433734158580994066597
2898181408941681923504299790843552229826848038152828757022405566083
23721625887018083882394208957532144061546899359046875171157905616150
6363787707838754578989390594989493823555893354288136302083275520425
15549745145911252466886104554177568648700532703237765884761325639524
11760508642135842867144815333576102950709022905427520721978872283095
6202675120715521242937851287360154428099155539582284547069333985331
6103451255173039206627382521331566141537677069209919418406996195129
16654352429410970684326190657472760405266625384580264706937626173111
25100542388399043586794170013297255315464489873417954855148133353651
24020069945155493753844162881076661463089978761985844868130780408786
20257840419469845696393854892493295812657999245293422151783428453378
