21393636375589549161761033020916865165707500906883699619064415019334816594383
82007265637543753614803118759024301613362920742792209046383232473806531515037
97402713363809918278945351524109997421935760902303758696233247929330018929816
33386424993541360889136425623925199442813372662897581402859595868079151468515
91695689983960286076687511542199113115414000866768859248494401926544277940355
50138167569880401463381030958691230517879893991404170112500244147193715677551
96612542106639479847610011474306485704174021730923864801001672952143747922373
107367828803576606367432531751738351127664817539330450601570138263630106421497
67815958112402324725072172131483660141703736110908741694916916497388706631533
78895059327063391456656890746948865919576706333033468370805497065893873720044
69912654533573497465332916572376654376976927583757717689803186435325687451823
41065466336491372646965887502770297049162467802312903069035484435107210103622
48976950898241220354405165774136378119063089255356453206701446140548895614668
32953797322429452597659601638152709000104058339435916581707788468908389429077
46813207496430209582935941640211584041084598664276711402942613600505752283052
51656709048563830435782455029459399238593420594469208880192387617021878463744
3725166559131885471785857281078016992040221863252282885403825695281013382789
88022898621633261733654896697866852760799979266632979839449130285675396148665
103356703337019408362082120320090563669537847817917699913468320030082406717686
16043783234299137178281206090640866554127350679549204986060295687933455267275
68302978769578394873314264798297481117190749114791115891817964549993594215365
83426386285185491306566126471390413962641741605474278442103193424983952057702
23939343660417823754671979596779807183220996934070088899301088818957596264965
62466056059942392386454406604729899091231574462251688980901525613261207717465
68207098093899982433783579001415479511424134594416369768994214887962043797472
106748574800688991923364390449537940027871175904489929352058549716167743088724
89648357859002450630193804796846265151466793924550442486271034867776011768491
84220712604033576551379393679933715745791318487073916744138003854868047753370
6571348228393308063933369328821594404771952115276369801021584613429017975733
103854184145730297136711765074222952646649606424155378565951257052682646792709
87949247454002464715307392932605935685990311282306072511503447478435657207935
46351988381931964460161218520825049350216866157002483834384927632332647253584
26754659194325981874647030580745776487669965163746531365206257148385547379728
98781105582739930921883705775649473852173644713695143960440300601717574242493
103881108496068456176101893372906312006845279690011618113941342509924155158128
24189037101642601725917491046821471461314022041343793681636857559455220572030
38236988495667934056838807909081035876234637445288882531368072782690181229840
53806137223009185552516951859888623535592796214221877892566040752125930135877
3829564903827808986572862519527794204917124688628383544000221588539383313478
34799774464960167583210933317086264012798213580181491876889137451394295415046
81086989250405616068777277792197681505179981162670523000882479406393920192448
88747479105102505693220131419230734656181479993501379801685453487461109119108
101956174944869288301757690676521589817407615227020324531334180525664486272043
3283252854944534277797761572450795466988501807948337627383404224020382845337
76832936913513483697973312141225589554487702293817896615887623315646002809214
25194979320079195261089440685506736159238528805386978791438250211974479833550
95694083935041743350905753993386809477055193539831928355539272899929002574490
16592231241362761661154299654650908354549163451948545485543675828629822284587
97387711455544467525593241426213607985906057039885502211159971671621073002180
114040295853259514557462244407779802720967924768799940792618859033773948917388
