557083852179
68239027405
136539893319
1067685360117
418041881513
290794970403
89234479104
857430286178
994496283327
906637803487
758431877334
306978312980
800018084009
214143277668
359125854233
417222068111
668300785790
825539201070
775908182698
613203176998
753431442147
278253713934
955954661987
230538241375
943503924551
702454492801
530392993359
615361316450
143249935637
519694167332
688049654985
597269218216
72686057693
93133330991
211136348943
185760864799
367111783477
748575087927
601762213100
2200261438
220749553133
352281116832
154677826107
325456587675
854315458067
297919965261
54269388412
411579977243
974962430822
808319908924
