7216585964378255420284255760068374414187184574163236665038562570815522266945397989846306963473865930233601677215020019525465306063068521529588747014384377
8372476387844474148449651467198368636197719085138502560000422962754090784723657259087746454702209760473685603364249649862648887353235758966764963071306038
4147657008167880437785425895308588248520540730259692322113249504904754458606465080879262809755230072595499181386795086323982790486959304968862372934896265
6298879864894204084753128813613162023743131595342641231975640246185721013856978113388159686881104458460473616468234526946211096397307603648478914753562320
3263619166089099313971845034973065943999837271973170938504490116042930184093665607112366334535078037377586272282492251541492637031167122465869617068605733
12508041678956539731522389549594998200984498986571849858950160850789443951952303869671543192308549411690275816659737879323728085225170846972160300187596359
3757377030411141328774756308471161475965324079810798379126404979936147748279779764015904114229841886797833505419763579323193798671437661535269478390321124
13291965038111308553875970073603255064800090833799189184873016835519101707153353336797877790581711474755693829362613376925001373893898228007233615472932072
11644057641909145106352817904588914440845927004248208880936167173957439317658078025915014626798224761745894475923697835543112164726254163512187319586401845
70308303349001105334995683592005341419092851340809371791473074996679094973748874215867449131735743983144191565730383885412904200395501790163983010024950
8865603997156842188809440269270605165449333319131704198570727881854853212269577549112996914492448863355814761618150339639615678281607763388438538838271720
774856899567812799777340305672620932558177043454498549367654130949619149123839407745344155385126891323571337617406217162394517674467365160781148912704916
8884429763650863887733714340356494593745844436765663015202061571785044320084061308685442566140092883717083652484578259012028503425241734106696390537256414
141393027969536996555668875523418354289906932811632312560239071007292822547052706762892436983831355439833484363459933030796428588545950956435332599231722
5183616868483601537004208859626765646543670541863032523872860474595362815662846138711515805977579661968951692746902994787250519238900096628096602286062395
187553877280361760186658764442914175935105853049199464735515939692966004426477761246031996510651040261098189883984229909024744523682921319331942253685450
5031521389251507181961657947195029712131418190918126920976476999202986670538463080062834375344208794776376900217125687105954255137832257178001968994858649
10136435521963403139534114955765808671005617634202668934741325170178298719494615166389502656786001669678109258286415166642700403006015560844365040882025102
7759418858595429716024136935893906557832992670117185803537408773766534072839435631974150493226734463070335944245624387183067980256696907869241987173809169
4844077138373458934458751639773767829611015366551811939853505711619338332527651237305735567747556243059233154973188558220550708631374360966714014065098711
4946345014795360881046754492068392011182727229991155942690075264788056049436449460094938599398587207442994173334003260895065056275700925051490038283892074
10093815607137167697121607353652257521321620802405454667927164812354906053720025762068772996095226723135292010092905135031407978926317550369185801053957000
3430129083083580446135852935971481088322053340908720092826356663249604760174301971693350071812226383369609866329906825290455585573110071204595023941139464
13077138295028793033403330669601012646899246065903896378797792849303342411410002684128721460784749444676136374564021108362412774750028527908373635654746367
11801950235188427827374443575374810728971592301183274463715043861930542505114306522257809894291036748410812182879297206814361513444522967788901514712703978
12254499916374239061461362699012277022901272640588673148289655319149543983200551158497810036090917776826816087882217904809387949685962580554035925492530302
4513876320769851261848297844452359982314088095649722979560477056108248539316848432714634364664532370946657693998142507362453583576717286862364361019452682
3387856822396149346656497134650050429115737465996947121440442319447189988549720958494206238670768447995190089036569951208501446352405782367316530582063107
3893951165345250179262445204782504849353099537432849107513538941878941115500703964240428224495290225612992799569318530135062573038752472215564608798066182
7095033785198975572507645492613371577424354632046192023080731985069901917834780133495853264240340151828436466662971984749627000501454175245650066782103311
12997829864788742645331566051262750272859991846238073394753362566470753835170906915040657070305669741146882226794029766799672596969860920118371542372267399
3408882537989236075894130006331448231885044452138924571438401952770156017946516833327761778667805763978843268135445133995083834663014122903841757634711299
13202500878745548327649696304109964601444732625412053495677625851462127526301554197124272886646069752568961682509829049238241965409192037836655522403874897
6832933248051375313907956135674186323083310018820541513616115617837595081553830525824274095462763247928386845993338773514688829606779455920094205396708034
7004960405131808661126166167193148705952199526893200202791267718656816472581544219836488527440061817577795301792800760570844693353445544110179406748315446
7790680037124200345231155129368520400929539547114828153994956446258260556931173439714571658881233270668140121307703620561755772051157415630048106145349149
10880192863645331475887038050864703146424201218231505747830905150823513194173692130055436965088332079155379918533721848704041472606585297849586646540750271
8596782859641425171418694319765382396225812331684802463473250979610327201361687793945667959372939560783095054119643515602898020296993104874437555595101979
10621790262852603547893846665380411317942917849139743952255826295979016668733290589018373032750909547207602125556830181912844614751841923205595839087067226
3409022195277721057712460043347509568916880457259167193430987113001682971957404013974928681749611907894118185861113857821960423370835895804572020442594554
7827011821358925572364080532279168375995299488988951858172274803518161713634657330620177528122914939004242425249808625852391901899287818952925353501876715
7421651131006419745382894365819221775147220541639963809696576041937120103849334841960125473239648435160591002560520529504340539322424562143299898822667832
11105485567212378830567867572849027276678105416297658100771725903643220121981428819016457091704095713106139088940495665615087187944499555006935047391452440
12856855867106933080532875944052380355257907463632576021020429286037641477250981069166741189449152735566830945119626674275541138250855730732627178570134905
9308945155747009181899382548438872332961803553426492631648275086262694456700702545323938115426242162102056894628672725169774973502337321468789440963013379
5683415438607776441361781774771297236270887376112709433131099470177688465339959087729207507495325482660621206011499620811121716001889151591468711974514670
9436905284147124133600446860469580946696912194071857849658036399211377931617485739680624362915802945966384530808741028604578248222860765202334343557642257
2136141030893564684920360865366869604303921653962404250219496689536298886229170255148514055399592269374659525540121542344909070865863718580334814735795377
10505906837078075218367685348245412684447660759395926210501422648149174880307942136956633675141474631992843668688113614668738287355338739332572547511091437
5140522980497860594825930877934777128399407383182412736173856128351942308861850108374627311089838898777492785343616183861837959647382069345526969407942961
