42831471567983176
11720922167026568
44717300254280561
9523405295550837
61757080525380048
6610323852727604
34872204253766204
46122362911462641
32388108206638031
60475165706865471
20005402393458756
24042016349239323
33929604185814327
14434135516971636
26309131603588519
6670682606497114
28088145150035333
5326031573250794
11534817934190079
18179385628317153
8299167332501029
9622563771221409
27293919364975088
56802774010128572
8418718855137720
69876690303470991
3657860072897305
34481456435582895
25770620948985963
19670330463457887
54982370382461384
3113630541427383
16960909367072965
15296617434872628
12035190355351465
38380220093194059
14797989491807546
27835584365501279
44662222460326310
53250479412268056
55091577018532016
11446406583078245
24420385467081429
18286493019782947
58226004080113190
10104609350956633
27756071576434666
22104460652115029
41508612187865333
52153044138556981
