712950817375646841878743
590381059851807586900931
141145716063659722803540
1018478996339798038411505
810302309673693019614461
171229370041381965948322
395202132858004267209914
578981887449202546342379
1114996528988624489402989
389937093757230271190009
78327821353807110477612
511643967093972341737440
795935107992559165897111
873358960476829364403777
1145622830650243134424456
347945582954883943165740
1143025888067756764188933
1140112096949054908196807
198231292471337320955994
1092246126958456574496110
763577538212179120853246
814794358261323675719274
445360937151681430452460
1082382764363759354486799
441590238856346039323435
45674927717424684720839
382124820578709067936162
652616594609634171337186
1132075730778339609550396
744379129396534226214674
739337762577360885605140
484234170403554475561103
388436036289964276881102
631571950266947943770501
574266440951221380315596
1208020494753239681290676
234060929596612049616047
134250325593235160622716
1024007259965478227212761
809780208745665029280310
1103934900610529829385153
742627111367766587466684
919705997243656798360950
784301692248296252540495
863944792885081108036822
409036894151916191136590
1166629560432731929258223
1190321022757751626672569
198635738626338680783013
1126700429728687302931358
